function [sourceMult] = sourceScalingFourier()
    sourceMult = 4503090.18771943170577287674;
end